0.18544862
0.17991151
0.17988172
0.17979275
0.17923352
0.17686722
0.17169398
0.16679843
0.16736758
0.16815853
0.16835232
0.16819732
0.16792198
0.16804229
0.16831364
0.16894454
0.16930623
0.17027518
0.17127253
0.17182444
0.17247023
0.17300199
0.17332722
0.17364568
0.17359951
0.17353393
0.17353386
0.17355882
0.17357245
0.17359725
0.17361502
0.1736198
0.1736363
0.17362033
0.17362441
0.17361845
0.17361164
0.17360078
0.17359582
0.17359984
0.17356206
0.17356426
0.17355339
0.1735461
0.17354056
0.17354155
0.17352207
0.17350215
0.17350392
0.17348358
