0.18902816
0.17994648
0.17994137
0.17994745
0.17994979
0.17995779
0.17994103
0.17995566
0.17994288
0.1799479
0.17993991
0.17993723
0.17993754
0.17994364
0.17995703
0.17993587
0.1799514
0.17994227
0.17994614
0.17993613
0.17994063
0.17995329
0.17993203
0.1799522
0.17995465
0.1799481
0.1799557
0.17993903
0.17994873
0.17995586
0.17993945
0.17994122
0.17993785
0.17994137
0.17994393
0.17994569
0.17995177
0.17993858
0.1799459
0.17994685
0.17993706
0.17994377
0.17995185
0.17994463
0.17994983
0.17994462
0.17993581
0.17994277
0.1799399
0.17994769
