0.17706281
0.18026042
0.17923334
0.17560562
0.17165595
0.16801365
0.16492008
0.16236328
0.16028824
0.15866423
0.15732579
0.15596732
0.15477261
0.15343465
0.15229811
0.15132064
0.15028146
0.14947231
0.14857972
0.1477828
0.14677386
0.14588575
0.14496095
0.14394712
0.14295237
0.14207591
0.14121048
0.14023125
0.13934451
0.13846597
0.13760771
0.1367389
0.13592662
0.13519506
0.13435745
0.13356854
0.13265033
0.13194083
0.13111381
0.13033131
0.12953162
0.12867571
0.12800124
0.12707861
0.12630229
0.1255721
0.12461869
0.123797216
0.123019114
0.12210155
0.12129923
0.12053098
0.119645715
0.118902475
0.11798424
0.11727198
0.1165386
0.115633994
0.1149827
0.11409565
0.113464795
0.1126833
0.11202726
0.11129773
0.11052189
0.109855995
0.109194815
0.10855202
0.10788324
0.107303515
0.10666388
0.105944775
0.10546238
0.10480973
0.10427399
0.10366803
0.103149906
0.10258002
0.10204285
0.101438195
0.10105833
0.10041547
0.1000076
0.099404894
0.098984726
0.098461196
0.09802431
0.09758035
0.09706427
0.096654
0.09620998
0.09584249
0.09536591
0.09496984
0.09454539
0.094162814
0.09367244
0.09342382
0.09295915
0.09261773
0.092245474
0.09190856
0.091581985
0.09115342
0.09086202
0.09055219
0.09024419
0.089917995
0.0894924
0.08932141
0.08897213
0.088654086
0.08837747
0.08806557
0.08790673
0.08759221
0.087197974
0.08703156
0.08679142
0.08652431
0.08620834
0.086069
0.08577501
0.08548407
0.085262895
0.08505738
0.08480854
0.08455164
0.08437151
0.08407006
0.0839104
0.08365344
0.08347134
0.083238855
0.08299257
0.08282467
0.08255582
0.082426585
0.08218023
0.0820182
0.081764095
0.08156139
0.08137755
0.081229605
0.081066415
0.08087296
0.080663316
0.08048886
0.08029451
0.08009816
0.079945736
0.07978314
0.079529256
0.07941049
0.07926825
0.079056844
0.07894822
0.07872808
0.07862709
0.07847931
0.0783013
0.07808073
0.07793297
0.07782865
0.07765995
0.07750218
0.07731309
0.077213705
0.0769782
0.076937504
0.076782815
0.07662628
0.07647505
0.07634659
0.07627472
0.07608981
0.07594713
0.07581611
0.07567993
0.07550758
0.075388834
0.07531889
0.075073875
0.075103655
0.07484027
0.074778154
0.074651696
0.07451696
0.074341536
0.07429158
0.07414024
0.074059784
0.073936366
0.073744796
0.07373755
0.07352778
0.07346674
0.073366195
0.073246315
0.073086396
0.07295094
0.07293024
0.072790086
0.072596714
0.072615944
0.07247737
0.072361454
0.07221215
0.07219031
0.072005466
0.071980335
0.07183575
0.07172125
0.07164274
0.071517095
0.07144008
0.07128413
0.07122048
0.071146436
0.07105615
0.07095201
0.070855774
0.070781544
0.07066209
0.070588425
0.07048738
0.07045788
0.07032802
0.07019523
0.070136234
0.06997469
0.07000154
0.069873735
0.06974413
0.069720715
0.06958735
0.06950603
0.06944208
0.06934123
0.06927009
0.06914875
0.069112234
0.06898794
0.06891955
0.06885214
0.0687566
0.068739854
0.06857741
0.06851882
0.068486296
0.068347625
0.06832696
0.06820221
0.06810529
0.06808521
0.068022154
0.067882665
0.067837246
0.06779774
0.067641184
0.06761605
0.06754195
0.06746582
0.067380965
0.06734485
0.06720349
0.067169815
0.06705598
0.06703088
0.066953935
0.06689841
0.06677809
0.0667369
0.06661098
0.06664475
0.06646154
0.06644478
0.06640388
0.06626565
0.06624719
0.066184506
0.066122025
0.06604856
0.06594855
0.06589756
0.06581365
0.06576321
0.065706685
0.06561446
0.06559111
0.06549742
0.06540719
0.06531446
0.065322824
0.06521098
0.06516328
0.06515207
0.06503344
0.06497017
0.06491812
0.06486166
0.06482035
0.064736344
0.06463633
0.06460111
0.06451746
0.06444359
0.06442759
0.064357236
0.06431828
0.06422011
0.06415505
0.06408871
0.06401666
0.06397841
0.063927524
0.06384619
0.063822694
0.06376545
0.063637145
0.06368791
0.063466854
0.06350641
0.06344187
0.063366696
0.063381664
0.06325995
0.06319652
0.063133016
0.06313039
0.06304435
0.06290846
0.062911406
0.062886484
0.062794454
0.06275108
0.06266364
0.06264664
0.062522605
0.062510744
0.062465582
0.062408734
0.062338237
0.062313624
0.062202886
0.06219749
0.062141437
0.06204903
0.062026795
0.061935846
0.061940357
0.06186571
0.0618091
0.061697632
0.061693396
0.06164754
0.06165394
0.06154209
0.061443415
0.061414294
0.061357386
0.061323315
0.06119005
0.061215222
0.061146796
0.0610802
0.06103462
0.06104229
0.06093874
0.060873315
0.06086266
0.060745634
0.06071884
0.060650934
0.060620867
0.060565315
0.060489494
0.06046664
0.060412884
0.06036637
0.060312346
0.060245417
0.060238957
0.060157202
0.060103137
0.06009589
0.06001555
0.059895296
0.0599392
0.059876904
0.059776124
0.05975226
0.05967916
0.05967359
0.05965738
0.059606157
0.05958391
0.059470087
0.059417225
0.059362184
0.05934884
0.059358686
0.059281435
0.05919143
0.059164446
0.059103474
0.059064537
0.059039336
0.059005152
0.058966517
0.05889058
0.05884747
0.05879113
0.058727447
0.05869845
0.058648042
0.05864791
0.058574617
0.058535486
0.05852932
0.058493897
0.058411554
0.05836333
0.058319103
0.058278218
0.05824062
0.058250256
0.058141064
0.058069587
0.058111835
0.058052503
0.05800074
0.057944752
0.057928883
0.05789912
0.05785307
0.05777683
0.05778711
0.057708092
0.057694934
0.057650823
0.057630498
0.05753246
0.057497237
0.057447717
0.057437725
0.057394892
0.05737596
0.057324823
0.057305988
0.057255425
0.057163257
0.057196345
0.057151545
0.057069097
0.057039287
0.057007737
0.057035625
0.056955073
0.056931525
0.056848407
0.056853242
0.05676542
0.05675757
0.056736663
0.05669652
0.056707732
0.056581866
0.056611743
0.056588948
0.056503363
0.05644686
0.05649054
0.05639256
0.056397457
0.056314845
0.05628471
0.056243133
0.05624473
0.056233693
0.05613625
0.056090623
0.056107875
0.056108907
0.056016523
0.05601093
0.056022298
0.055946056
0.05590305
0.055854406
0.055851307
0.055833552
0.055762213
0.055721693
0.05568058
0.055680584
0.055675898
0.055568367
0.055643555
0.055551086
0.05551253
0.055492993
0.055444848
0.055425562
0.05536031
0.05531054
0.055343367
0.05532873
0.05525268
0.05527462
0.055190936
0.055132512
0.055128638
0.05515013
0.05503211
0.05504176
0.05498864
0.054966766
0.054971788
0.054910753
0.054869294
0.054863025
0.054841936
0.05477778
0.054817732
0.05478678
0.05469531
0.054694917
0.0546622
0.054647423
0.054570716
0.054548003
0.054564256
0.05456167
0.054467134
0.05442556
0.054452162
0.054388292
0.054394536
0.054349694
0.054336756
0.054298848
0.054214153
0.0541968
0.05424201
0.054164104
0.054169588
0.054093536
0.05413803
0.054048177
0.054006755
0.054030053
0.053988818
0.053972755
0.053868562
0.05391071
0.053869206
0.053845793
0.05382234
0.05381362
0.053794917
0.053773254
0.053710822
0.053728376
0.053646814
0.053629193
0.053570796
0.05363908
0.05356247
0.053509045
0.053535145
0.053494588
0.053426597
0.053411696
0.053392064
0.053378332
0.05335812
0.05330183
0.053325336
0.05331155
0.053231798
0.05322478
0.053172186
0.053184755
0.053203
0.053103503
0.053090278
0.053085625
0.053101007
0.05307155
0.05297258
0.053052094
0.0529763
0.05295686
0.052940033
0.052863184
0.052867267
0.05292339
0.052824616
0.052794576
0.05277993
0.052743312
0.052728593
0.05267403
0.05270039
0.052698042
0.052688275
0.052635375
0.05259658
0.05255097
0.052516356
0.052518714
0.052561525
0.05248775
0.05251229
0.05242577
0.05241399
0.05238917
0.052407045
0.05231239
0.052339703
0.052257378
0.052299634
0.052302003
0.05222912
0.052195817
0.05219372
0.052181505
0.05219247
0.052100554
0.052111134
0.05206556
0.052095734
0.052008398
0.05199834
0.05198311
0.052005127
0.05189797
0.05196029
0.05191222
0.051869005
0.051862128
0.051848724
0.0518068
0.051807176
0.051770374
0.051785454
0.051681172
0.051705163
0.05170259
0.051644653
0.051687475
0.05162515
0.051643398
0.05158244
0.051597692
0.051549286
0.051523115
0.051539544
0.051522832
0.051516112
0.05145722
0.051444106
0.05141419
0.051365882
0.05136207
0.05140384
0.0513294
0.051309306
0.051272973
0.051291462
0.051288575
0.05116459
0.051233917
0.051186588
0.051139496
0.051189758
0.05110888
0.051175576
0.051066652
0.051079135
0.051106874
0.05105038
0.0510348
0.051017262
0.051002488
0.05097852
0.0509448
0.0509499
0.050901927
0.050923485
0.050877083
0.050844744
0.05086892
0.05081129
0.050793663
0.05084432
0.050747145
0.05076282
0.050695892
0.050692126
0.050731953
0.05062616
0.050609067
0.05060632
0.05061437
0.05057563
0.050610732
0.050519552
0.0505461
0.050511513
0.050507057
0.050440587
0.05049458
0.050464846
0.050377585
0.050480455
0.05039102
0.050380174
0.05038975
0.050354194
0.050318696
0.050328296
0.050281648
0.05026525
0.050241273
0.050253127
0.05021866
0.050239015
0.050202128
0.050144035
0.05015393
0.050102636
0.050179172
0.05012086
0.05013359
0.0500363
0.05004631
0.0500591
0.05004465
0.049990468
0.04999567
0.050002016
0.04997023
0.049935736
0.049903918
0.049896143
0.049915355
0.049880568
0.04986801
0.04981492
0.04983658
0.04980666
0.049798887
0.04974185
0.04970886
0.04975357
0.04977082
0.049690384
0.04967314
0.04970736
0.049635045
0.04961268
0.049624883
0.049614266
0.049661603
0.049550507
0.0495434
0.04952614
0.049524304
0.049463555
0.049461093
0.049546238
0.049522072
0.04941426
0.049430024
0.04938185
0.049450144
0.049398374
0.049371406
0.049386203
0.0493646
0.049319614
0.0493387
0.049267706
0.049330458
0.049236767
0.04924519
0.04920013
0.049219333
0.049199097
0.04914638
0.049133614
0.049181685
0.04912244
0.049103778
0.04913395
0.049085364
0.04908073
0.049071565
0.04905194
0.048985593
0.049040686
0.04897589
0.04899808
0.04901582
0.048958514
0.048958566
0.048936322
0.04893893
0.048841674
0.048889413
0.048825312
0.048876006
0.048838
0.04886213
0.048812162
0.048776157
0.04878188
0.048772246
0.04876838
0.048745573
0.048777048
0.048669383
0.048647128
0.04868819
0.048631553
0.048620865
0.04865071
0.048667185
0.04862129
0.04855635
0.048592962
0.04855345
0.048534945
0.04855404
0.04847785
0.048512295
0.04846371
0.048473116
0.048490174
0.048506584
0.04844207
0.048430722
0.048402745
0.04840103
0.048368435
0.04836714
0.048348237
0.048362654
0.048330367
0.048325766
0.048319373
0.04828609
0.048298687
0.04822637
0.04828577
0.04821824
0.048205417
0.048209514
0.048193485
0.048154093
0.048163272
0.048186928
0.04818237
0.048166055
0.048124146
0.048145615
0.04809335
0.048088364
0.048051402
0.04807213
0.048022896
0.04797476
0.048026185
0.048001673
0.047976643
0.047952525
0.047939286
0.047990695
0.047982328
0.047889125
0.04790414
0.04783913
0.04791427
0.047851793
0.047880765
0.047821973
0.04789144
0.04783091
0.04779794
0.047797818
0.04784516
0.04772118
0.047791854
0.04770909
0.047699116
0.047717668
0.047727093
0.04770059
0.047667503
0.047643993
0.047629777
0.0476189
0.047626015
0.047602724
0.04756524
0.047570277
0.04757109
0.047565043
0.04754437
0.047520958
0.04751941
0.047502995
0.0474876
0.047529962
0.04740143
0.047437876
0.047439802
0.047440648
0.04741488
0.047454875
0.047392793
0.047377925
0.047362752
0.047373846
0.047368106
0.047352836
0.047321755
0.047333818
0.047321726
0.047283266
0.047267493
0.047276326
0.047242936
0.047233157
0.04725144
0.047172166
0.04724604
0.047217056
0.047158416
0.047200944
0.04714133
0.047132462
0.047109604
0.047142535
0.04710529
0.04706183
0.047172427
0.047086075
0.04709073
0.047054213
0.047041997
0.047075536
0.04698646
0.04701937
0.04699917
0.046964638
0.046969105
0.046967044
0.046938606
0.046931274
0.046930242
0.04692772
0.04696079
0.046816487
0.04684826
0.04689419
0.04685323
0.046843063
0.04682684
0.046853185
0.046845764
0.046755362
0.04680729
0.046801243
0.046769477
0.04676681
0.046719436
0.046756595
0.046738457
0.046698187
0.04672893
0.04667634
0.046689704
0.04668397
0.046659984
0.046683732
0.046645503
0.046701223
0.046599913
0.046619397
0.04660862
0.046610747
0.046564177
0.046588995
0.04655146
0.04652561
0.046482254
0.046497732
0.04649729
0.046508938
0.046446826
0.046484258
0.046425093
0.04644172
0.046471324
0.046504337
0.04645272
0.046401635
0.046406996
0.046397056
0.046363685
0.04634225
0.046394538
0.04636512
0.046333887
0.04635286
0.046285212
0.046326865
0.04632878
0.046276346
0.046238232
0.04619422
0.046267163
0.046289656
0.046231102
0.046229333
0.046201736
0.046213295
0.046191115
0.046218645
0.046208408
0.046121754
0.046148892
0.046156343
0.04614741
0.046131823
0.046097536
0.046111614
0.04608707
0.04607265
0.046055134
0.04606631
0.046064045
0.04603569
0.046052177
0.046002995
0.046007182
0.045960385
0.04596085
0.046006
0.045937773
0.04597105
0.045979615
0.045931615
0.045922365
0.045926325
0.045991
0.045883592
0.04586961
0.045842625
0.045847554
0.045857195
0.04592118
0.045862693
0.045854777
0.045837007
0.045768265
0.045825932
0.045775395
0.045834396
0.04571377
0.04581937
0.045748852
0.045766067
0.045689087
0.04571082
0.04570945
0.045672957
0.045688722
0.04568646
0.04564757
0.045687973
0.04563774
0.04562584
0.04571
0.045602065
0.045619406
0.045578536
0.045592643
0.045586497
0.04564612
0.04550156
0.04558039
0.04558422
0.045504365
0.04551478
0.045522686
0.045477416
0.04549928
0.045514796
0.045500048
0.045461178
0.04545934
0.04542961
0.045458753
0.04546455
0.045389686
0.045399867
0.045379672
0.04544725
0.04535296
0.04542459
0.045347124
0.04541363
0.045368604
0.045366313
0.04535536
0.045371857
0.04530038
0.0452792
0.045291986
0.04529102
0.045253325
0.045301955
0.04528677
0.045241076
0.04522571
0.045211326
0.045254134
0.045237307
0.045208927
0.045214064
0.04518583
0.045178276
0.04515566
0.045219474
0.04520033
0.04515875
0.045092132
0.045097206
0.045134515
0.045120973
0.0450834
0.045110896
0.045080103
0.045054972
0.045076687
0.04510971
0.045070883
0.04500188
0.045003228
0.04506063
0.045014802
0.04502207
0.04504097
0.044978704
0.04497814
0.044947226
0.044981334
0.044986967
0.044939537
0.04486664
0.044943538
0.04490863
0.044901494
0.044891074
0.044930812
0.044888765
0.04490929
0.044882737
0.044856142
0.04490475
0.044836577
0.04480848
0.044820216
0.04484473
0.04480303
0.044782527
0.044875756
0.044799414
0.04473265
0.044748627
0.044800438
0.04472747
0.044752605
0.044711962
0.044758677
0.044693686
0.044738073
0.0447193
0.044688847
0.044684082
0.04466846
0.044642624
0.044680633
0.04460766
0.044638716
0.04465063
0.04465212
0.04463794
0.044635747
0.04460004
0.044608165
0.04458361
0.0445754
0.044613607
0.044573687
0.044556387
0.0445553
0.044554405
0.044559304
0.044503607
0.04448951
0.04453708
0.044470485
0.044451058
0.044511165
0.044515952
0.04447996
0.04448867
0.044441935
0.04447879
0.04445663
0.044438843
0.044423614
0.044408612
0.044458464
0.04439274
0.044458963
0.04433365
0.044368178
0.04436914
0.044341106
0.04436034
0.04433499
0.044331156
0.044304095
0.04435109
0.04433828
0.044255342
0.044318672
0.04432937
0.044283435
0.044245172
0.044270128
0.04426763
0.0442732
0.044224154
0.044245146
0.04427536
0.04418652
0.044200204
0.044186916
0.044189796
0.044210244
0.04418834
0.04419017
0.04417966
0.044178393
0.044105068
0.044149756
0.044140525
0.044135217
0.044115733
0.04412765
0.044105478
0.044089023
0.044077385
0.044060547
0.044070605
0.044072196
0.044069596
0.044056572
0.044066176
0.044016045
0.04398093
0.04395609
0.043994218
0.044009663
0.043997783
0.043970015
0.043987267
0.043976504
0.043965135
0.043970082
0.04392038
0.04393693
0.0439703
0.04393153
0.043947868
0.043879583
0.043900654
0.043916237
0.04395359
0.043889973
0.043875642
0.043928914
0.04388571
0.0438425
0.043864124
0.043787755
0.043873645
0.043853648
0.043883305
0.0437896
0.043798927
0.0438302
0.043774296
0.04382512
0.043778203
0.04376741
0.04378309
0.04376569
0.043836005
0.043712523
0.043759752
0.043689065
0.043765865
0.043679237
0.043658268
0.043715417
0.043710746
0.04368865
0.043679755
0.043658778
0.0436507
0.043673802
0.04369985
0.04359439
0.0436658
0.043650668
0.043626852
0.043584075
0.04361816
0.043647047
0.043633968
0.043559805
0.04359868
0.043591697
0.043553352
0.04356348
0.043546155
0.04355109
0.043560162
0.043503173
0.04353253
0.043537326
0.0434853
0.04349347
0.04349398
0.04350388
0.043456487
0.043502953
0.043498658
0.04347527
0.043503933
0.043450013
0.043499574
0.04341961
0.043444585
0.04344465
0.043426197
0.043395456
0.04334101
0.04340179
0.04340702
0.0434061
0.043348182
0.04336726
0.04332369
0.04334425
0.043343127
0.043302998
0.043346144
0.043376084
0.043299686
0.043323312
0.043287113
0.043332458
0.04332488
0.04329235
0.04328617
0.04325802
0.043306757
0.0432878
0.04323776
0.043284077
0.0432379
0.043239124
0.043217532
0.043202322
0.043247946
0.043200865
0.043249544
0.04316844
0.043175824
0.043226633
0.043202657
0.043152116
0.043136217
0.043163113
0.043112032
0.043151677
0.043121282
0.043150518
0.04310955
0.04316259
0.043068364
0.043062773
0.043033205
0.043101363
0.043063186
0.043085225
0.043110088
0.04311792
0.04303423
0.04306708
0.04304097
0.04301777
0.043051593
0.043079946
0.042987123
0.042996902
0.04303076
0.043007493
0.04297222
0.043018855
0.04295399
0.04299517
0.0429562
0.042928915
0.042908076
0.042931594
0.04295294
0.042966034
0.042916823
0.042890146
0.04291893
0.042921506
0.042933807
0.042869892
0.04286712
0.042878423
0.042896967
0.04292872
0.042831127
0.04286118
0.042866867
0.042848557
0.042835057
0.042836297
0.04282666
0.042835012
0.042767107
0.04280878
0.042828478
0.042807173
0.04280248
0.042779624
0.04275533
0.04278485
0.042790234
0.042760942
0.042738054
0.042710327
0.0427413
0.04277531
0.04268802
0.042746965
0.042723313
0.042749353
0.042706843
0.04270727
0.04269295
0.0427013
0.042674504
0.042649858
0.04270698
0.04261354
0.04270056
0.042667996
0.042604636
0.042691465
0.042624872
0.042659014
0.04259687
0.042637266
0.042623863
0.042560693
0.042663068
0.04254833
0.04257866
0.042604715
0.042599544
0.0425469
0.042573366
0.042564366
0.04261888
0.04256719
0.04251516
0.042527936
0.042492967
0.042513855
0.042487048
0.042521697
0.04248167
0.042499073
0.0424642
0.042503078
0.042449143
0.042439707
0.04248112
0.042433113
0.042499945
0.04241637
0.042454347
0.042456098
0.042434175
0.04242805
0.04241882
0.042390026
0.042375658
0.042420566
0.042410705
0.042386193
0.04240376
0.042341154
0.042445093
0.042366862
0.04237157
0.042343866
0.042344395
0.042338796
0.042325348
0.04231978
0.042337216
0.042331725
0.042298198
0.04233837
0.042282667
0.042280205
0.042273015
0.042292446
0.042266604
0.042245
0.042258464
0.04223207
0.042260103
0.042223997
0.042250596
0.042238142
0.042268224
0.042249497
0.042250015
0.0422326
0.04222113
0.042190686
0.04221005
0.042275496
0.0421897
0.04217338
0.042190406
0.04219996
0.042125035
0.04213442
0.042146157
0.0421375
0.042168528
0.042095788
0.0421369
0.04212642
0.04209572
0.042096946
0.0420995
0.0421105
0.04207449
0.04208262
0.04211288
0.042076543
0.042104237
0.04207077
0.042033527
0.04206004
0.04205789
0.041971166
0.042057164
0.042021167
0.042030532
0.042050157
0.042003836
0.042004354
0.042015813
0.04199853
0.042015288
0.04202397
0.041964423
0.042019267
0.041985422
0.041959133
0.04201998
0.0419352
0.041904397
0.041965473
0.04191584
0.041958924
0.04190953
0.041950963
0.041927237
0.041926906
0.041922163
0.04185321
0.041925725
0.041883007
0.041884232
0.041890033
0.041895222
0.041870818
0.041821532
0.041843522
0.041847244
0.041854177
0.041841544
0.04184389
0.04184208
0.041825365
0.041823234
0.041808605
0.04182353
0.04177787
0.041825972
0.041787956
0.041767977
0.041811056
0.04175706
0.041754503
0.04175705
0.041742336
0.041760292
0.04173325
0.04176343
0.04171231
0.041796584
0.04170423
0.041674796
0.041712973
0.04175142
0.041669745
0.041744597
0.041709144
0.04168095
0.04170045
0.04169264
0.041665982
0.041644197
0.041667245
0.041669045
0.041677736
0.041628286
0.04160838
0.04162683
0.041609276
0.041668076
0.041628316
0.04163197
0.041625697
0.04164577
0.04156332
0.041551206
0.041604836
0.041601434
0.041597217
0.041562244
0.041530553
0.041570768
0.041591477
0.04153096
0.041529316
0.041637126
0.041510507
0.041529328
0.041506298
0.04156436
0.041524664
0.04151752
0.041495185
0.041522305
0.0415116
0.041518852
0.041533496
0.041472252
0.04147463
0.041464716
0.041473202
0.04144296
0.041421514
0.041455556
0.041377977
0.04139901
0.041432854
0.041422617
0.0414639
0.041417953
0.04141437
0.041456815
0.041415825
0.041415915
0.0414063
0.041444592
0.041434728
0.04135293
0.041365776
0.041370403
0.041390944
0.041371472
0.041329943
0.04136733
0.041309323
0.04134841
0.041307382
0.041320454
0.041398946
0.041306295
0.041311253
0.041323353
0.041314173
0.04130904
0.04131313
0.041298967
0.041304257
0.041259658
0.04132439
0.04126007
0.041261777
0.041206557
0.041294977
0.041218027
0.04120232
0.04128191
0.041255318
0.04119964
0.041271366
0.041277554
0.041166082
0.041173685
0.041244227
0.041186366
0.041198865
0.041195177
0.041198023
0.041186597
0.041147396
0.041145217
0.041149873
0.041125495
0.0411621
0.04108194
0.041183557
0.041097436
0.041155033
0.041164998
0.04111895
0.041138146
0.041083913
0.041112907
0.04110726
0.041104324
0.041089356
0.041086085
0.041125484
0.041092824
0.041085307
0.041092467
0.041086886
0.041045092
0.041071124
0.04100885
0.04105364
0.041043814
0.04100069
0.04103295
0.04102391
0.041021504
0.04103181
0.041001674
0.041046757
0.041039567
0.040950034
0.041001704
0.04094531
0.040981792
0.04098205
0.04097419
0.041013114
0.040928952
0.040953655
0.04098695
0.040918138
0.040944386
0.040956434
0.04095873
0.040962595
0.040906567
0.04096336
0.040964045
0.040905546
0.0408563
0.040936258
0.04091349
0.04089533
0.04087106
0.040890485
0.040882096
0.04088081
0.040860552
0.040904753
0.04093105
0.040875982
0.040845606
0.040848136
0.040846575
0.040884778
0.04079318
0.040794317
0.040839106
0.0407978
0.040814705
0.04080273
0.04082194
0.04078201
0.040754575
0.040806126
0.040789474
0.040785413
0.04076569
0.040789954
0.040737193
0.04081773
0.040753383
0.04075665
0.04076022
0.040713727
0.04075807
0.0406947
0.040711652
0.040708844
0.040694263
0.040695887
0.040661067
0.04071387
0.040680032
0.040699944
0.040729597
0.040708054
0.040706586
0.040671214
0.04066073
0.040621158
0.040649664
0.040677257
0.040649306
0.040650584
0.04069839
0.040654138
0.040631924
0.04061273
0.040655956
0.04061997
0.04065625
0.040598277
0.04063521
0.040573776
0.04060124
0.04057188
0.0406003
0.040606674
0.040637027
0.040555853
0.040563542
0.04059502
0.040575
0.04055434
0.040537998
0.040598635
0.04050439
0.040547132
0.04054313
0.04060525
0.040473696
0.040551253
0.040497966
0.04051044
0.04051135
0.040529687
0.040506072
0.040482227
0.040499408
0.040498927
0.04051549
0.040470533
0.040485863
0.04047447
0.040486366
0.040419783
0.04044548
0.04046382
0.04047059
0.040426113
0.040423866
0.040434122
0.040455736
0.040461417
0.040393975
0.040412392
0.040401686
0.040416844
0.040431913
0.040356137
0.04041702
0.04034786
0.040412374
0.04036947
0.040378
0.040416703
0.040339276
0.040339876
0.040326145
0.040383384
0.04033232
0.04030804
0.040391512
0.040307317
0.040391766
0.04027587
0.04030208
0.040340204
0.04029493
0.040291313
0.040299162
0.040335085
0.04029715
0.040301353
0.04032602
0.04027685
0.0402917
0.04030042
0.040255465
0.040272694
0.040290657
0.040266123
0.040238094
0.0402713
0.04024132
0.040252045
0.040211383
0.040268045
0.04024844
0.040181722
0.04026261
0.040198997
0.04022781
0.040212605
0.040207155
0.04018597
0.040157367
0.040150017
0.04021583
0.04019308
0.040180776
0.040224396
0.040167764
0.04016628
0.040148113
0.0401395
0.04015775
0.040104136
0.040141307
0.04015829
0.040117532
0.04011812
0.040111583
0.040038947
0.040137757
0.040109888
0.040092442
0.040102836
0.040108837
0.040097207
0.040068492
0.040081922
0.040042058
0.040066678
0.040053204
0.04006113
0.04008461
0.040105417
0.04003598
0.040057555
0.040066574
0.0400653
0.04003341
0.040034853
0.040027052
0.040033307
0.040031567
0.040013727
0.04001178
0.040038843
0.039953846
0.04003042
0.039990116
0.03998681
0.039966296
0.039970692
0.040058486
0.039987132
0.039983913
0.039927803
0.039905373
0.03995048
0.039985258
0.039918438
0.039914478
0.03988986
0.039984558
0.039915346
0.039920226
0.03993872
0.03990583
0.039939772
0.03988511
0.03986238
0.039922196
0.03985728
0.039913002
0.039891936
0.039827198
0.039889812
0.03986281
0.039854262
0.039853185
0.03989028
0.039858818
0.03986983
0.03984585
0.039817557
0.039848763
0.039807666
0.03982077
0.039798714
0.039834864
0.039821617
0.03983048
0.039770544
0.039828014
0.039798263
0.03980306
0.039765477
0.0397873
0.039723236
0.039815523
0.03978195
0.0397835
0.03976965
0.039767805
0.039735027
0.0397916
0.039754383
0.039717335
0.03976851
0.039719433
0.03973895
0.03971478
0.0397249
0.039703127
0.03978256
0.03968395
0.03974832
0.03971472
0.039710265
0.039697178
0.039691173
0.03967052
0.03967605
0.039685
0.039659675
0.03968181
0.039634086
0.039670043
0.03966294
0.039661303
0.039653044
0.039632753
0.039618146
0.039607793
0.03961081
0.03963814
0.039633673
0.039598405
0.03956878
0.03962221
0.039594576
0.0395887
0.039573636
0.039620616
0.039550234
0.039639387
0.03952169
0.039580856
0.03957313
0.039591704
0.039542485
0.039574403
0.039517857
0.039549787
0.03955026
0.03954039
0.039515585
0.039510705
0.03951276
0.03952314
0.03950473
0.03952551
0.03951293
0.039499737
0.03951162
0.039534576
0.03949888
0.03945571
0.039511006
0.03948675
0.039514244
0.03947312
0.039468788
0.039446034
0.039464984
0.039479587
0.0394719
0.03944836
0.039470445
0.0394757
0.03940767
0.039435517
0.039446022
0.039395593
0.03939832
0.039423387
0.039379958
0.039410636
0.039434917
0.03937912
0.039385386
0.0394362
0.039367262
0.039419707
0.03935453
0.039358024
0.03940121
0.039353102
0.039327376
0.039366774
0.039381687
0.039347693
0.039377805
0.039325945
0.039353
0.03933528
0.039362796
0.039313864
0.03933347
0.039313335
0.03932792
0.039294004
0.039270177
0.039306305
0.03929664
0.039317165
0.039285876
0.039286032
0.039320614
0.039318953
0.039327208
0.03924021
0.039269686
0.0392339
0.039271567
0.03929477
0.03925804
0.03924372
0.039267734
0.03924099
0.039205637
0.039235782
0.039249625
0.039210252
0.03916613
0.039233293
0.039250445
0.039192487
0.03922821
0.039229
0.039230663
0.039193682
0.039179847
0.039164733
0.039176926
0.039213013
0.039192427
0.03919515
0.03915452
0.03915492
0.03914817
0.039142504
0.03916493
0.03913523
0.039150283
0.039111674
0.039138194
0.039155163
0.039135337
0.039115213
0.039072603
0.03913088
0.039083876
0.039103355
0.03907633
0.039085455
0.03911556
0.039096504
0.03907824
0.039107982
0.039071266
0.039064668
0.03908722
0.03901397
0.039108437
0.039030995
0.039054736
0.039095204
0.039053123
0.03910999
0.039074164
0.038993537
0.03907622
0.039012972
0.03907573
0.03898006
0.03895393
0.039032515
0.039001573
0.03899429
0.039038923
0.03898554
0.03897641
0.039031517
0.03899458
0.038979404
0.03898651
0.0389503
0.03897935
0.038961098
0.03894861
0.038957857
0.038983755
0.038930226
0.038961988
0.03894449
0.038948365
0.038987566
0.03892207
0.038923692
0.038959835
0.03891356
0.0388712
0.03891588
0.038921192
0.03892903
0.038916674
0.03889272
0.038863473
0.03890495
0.038918156
0.03884544
0.038885903
0.038846537
0.038839117
0.03886494
0.03884366
0.038855817
0.038847517
0.03885903
0.03882367
0.038834065
0.038822807
0.038826775
0.03882142
0.038803194
0.038814552
0.03882835
0.038794488
0.038824547
0.03886138
0.03878068
0.03877689
0.03881822
0.038780246
0.038789302
0.038832016
0.03875552
0.038768
0.03881313
0.038757805
0.038773812
0.038763627
0.038739953
0.038774047
0.038728543
0.03874932
0.038793717
0.038755715
0.038741462
0.038714316
0.03868839
0.038756855
0.03871279
0.038728416
0.038715657
0.0387259
0.038713824
0.03866337
0.038651787
0.038726795
0.03869439
0.038705
0.038638916
0.038666744
0.03866665
0.038661808
0.0386485
0.03867854
0.038651712
0.038660258
0.038695462
0.038663104
0.038651552
0.03864257
0.03857966
0.038653508
0.038632456
0.038623966
0.038605683
0.03865316
0.038646553
0.038557246
0.038638752
0.038592603
0.038597655
0.038643066
0.038629208
0.03861002
0.038610727
0.03854328
0.038552932
0.03860047
0.038562212
0.038547993
0.038522743
0.038524896
0.038542915
0.03859298
0.038572337
0.03856109
0.038513787
0.03853334
0.038502455
0.038533382
0.03852718
0.03855257
0.038501948
0.038506385
0.038530536
0.03852969
0.03851317
0.0384778
0.038515974
0.03846578
0.038476218
0.038497563
0.038509555
0.0384867
0.038500164
0.03845089
0.038464315
0.038480148
0.038493592
0.03844556
0.03841555
0.038465574
0.03842213
0.038432594
0.038450975
0.038406964
0.03845885
0.038507234
0.038396943
0.038380917
0.03838981
0.038405757
0.03842408
0.03840115
0.038410332
0.038393382
0.038373865
0.038456008
0.03838895
0.038359284
0.038366877
0.03835845
0.03840594
0.03837382
0.03836022
0.038335655
0.038360212
0.03833193
0.038357396
0.03833778
0.038396206
0.038321443
0.038304206
0.038350094
0.038306303
0.038289998
0.0383218
0.038332876
0.038322914
0.038274188
0.038276564
0.038313996
0.038285665
0.038303796
0.03834869
0.03826853
0.038295403
0.038291838
0.038308382
0.03825123
0.03826508
0.038303014
0.038235538
0.03827545
0.03827209
0.038298473
0.038232032
0.03823119
0.03820956
0.038252976
0.038190193
0.038199537
0.03828273
0.038181085
0.0382182
0.038200364
0.038226545
0.038200695
0.038205035
0.0381904
0.038239866
0.038144212
0.03818316
0.038158935
0.038187213
0.038167007
0.03817829
0.038165104
0.038161147
0.03817639
0.0381686
0.038169328
0.038157076
0.038155284
0.038132142
0.038121525
0.038149327
0.03813897
0.03810191
0.03813206
0.038143765
0.03813518
0.038121484
0.038077187
0.03819605
0.03813009
0.038087938
0.038093656
0.03816011
0.038090903
0.03809832
0.038107846
0.038081955
0.038069174
0.03805704
0.03810696
0.03809013
0.038093053
0.038030297
0.038086873
0.038028363
0.038078077
0.038073108
0.038073048
0.038062077
0.03805013
0.03804939
0.03804343
0.03807491
0.038024336
0.038027655
0.037981905
0.038064804
0.038044304
0.03799733
0.03802923
0.03802251
0.038007285
0.0379935
0.03800825
0.037963722
0.038071465
0.03802308
0.037972856
0.03794292
0.03799198
0.03795163
0.03800653
0.037962392
0.037950538
0.03797898
0.037910063
0.038013916
0.03794059
0.03793779
0.037940748
0.037922088
0.03792352
0.03794095
0.037933487
0.0379065
0.037931923
0.037890807
0.037902247
0.037922896
0.037879977
0.03787031
0.037887227
0.03789295
0.03794482
0.037866052
0.03791123
0.037928652
0.037918817
0.037912484
0.037882235
0.037868153
0.037929848
0.037877157
0.037854005
0.037885528
0.037839994
0.03786509
0.03785527
0.03785887
0.037839226
0.037861336
0.03780295
0.037824623
0.037862897
0.037797403
0.037811004
0.037832294
0.037849575
0.03786938
0.037820887
0.03779223
0.037821725
0.037799075
0.037819948
0.037849303
0.03776376
0.03784132
0.037765685
0.037833005
0.037816536
0.037795134
0.03779325
0.037752055
0.03778438
0.03775309
0.03778477
0.0377879
0.037756022
0.037763502
0.03776795
0.037795447
0.03771517
0.037740897
0.03775066
0.03773433
0.03771466
0.037745796
0.037730094
0.03773733
0.037747893
0.03776156
0.03771904
0.037698675
0.03767829
0.03769196
0.037684686
0.037674595
0.03772801
0.03769253
0.037716035
0.03763173
0.03770362
0.037690528
0.03768808
0.03769207
0.037710812
0.037650228
0.037663754
0.03764869
0.0376104
0.037672862
0.037656065
0.03762233
0.037626717
0.037666786
0.037611984
0.037636407
0.037589386
0.037664443
0.037638266
0.037616517
0.037626337
0.037624132
0.037597865
0.037613347
0.037622027
0.037587505
0.037605464
0.037594248
0.037621275
0.037585303
0.037565928
0.03761048
0.03763328
0.03757886
0.03756689
0.037534587
0.037594814
0.037599362
0.037533496
0.03753333
0.037565466
0.037559506
0.037572633
0.037594788
0.037514113
0.037546296
0.0375551
0.037546974
0.037536576
0.037557937
0.037522044
0.037567046
0.037512008
0.037544884
0.037481733
0.037501108
0.03753398
0.037519157
0.03751807
0.037492823
0.037478182
0.03747456
0.03748332
0.037505597
0.037481334
0.037480414
0.037449487
0.037465833
0.03745184
0.037473936
0.037555154
0.037471082
0.037397888
0.03749251
0.03745806
0.0374578
0.03747025
0.037446827
0.03743686
0.037464596
0.03742548
0.03744254
0.037437156
0.037431367
0.03738863
0.03741968
0.037418194
0.037413847
0.037384097
0.037454218
0.03738581
0.037422247
0.03739978
0.037421554
0.037402514
0.037450157
0.03738408
0.037398566
0.03737913
0.03740448
0.037364025
0.037400667
0.037334297
0.037387982
0.037385706
0.03736693
0.03735479
0.037347257
0.03737346
0.037319966
0.0373529
0.037370495
0.037380937
0.037308406
0.03735861
0.037339356
0.03734971
0.03734012
0.037332006
0.037318572
0.03733708
0.037343685
0.037334837
0.03737105
0.037311584
0.037308984
0.037282858
0.03729581
0.03730847
0.03731701
0.0372939
0.037299402
0.037298393
0.03727162
0.037250932
0.03724194
0.037276685
0.03728017
0.037227225
0.037277836
0.037268914
0.037278876
0.037258063
0.0372596
0.037269644
0.037242327
0.037228025
0.03723147
0.037249193
0.03723623
0.037209973
0.03720308
0.03724603
0.037268247
0.037250627
0.037215255
0.03724411
0.037191484
0.03719842
0.03721867
0.03720915
0.03717443
0.037232462
0.037223324
0.037204206
0.037195824
0.03719847
0.0371612
0.037166737
0.037160277
0.037144873
0.037127443
0.03718534
0.0371531
0.037191257
0.037175093
0.037185412
0.037165623
0.03714071
0.03713795
0.037168015
0.0371729
0.037148878
0.037124902
0.037106473
0.037159227
0.037131105
0.03710015
0.037104655
0.037102707
0.037196513
0.037088327
0.03710311
0.037144225
0.037160225
0.037124995
0.037074577
0.037110556
0.037084617
0.03713046
0.037096705
0.037087005
0.037087306
0.037055604
0.037076924
0.03705521
0.03713578
0.03704513
0.037051205
0.037103318
0.0370868
0.037030485
0.03706976
0.037116177
0.03701824
0.03709858
0.037048336
0.03702091
0.037062384
0.037064184
0.03705803
0.03702727
0.037000354
0.037027128
0.037065413
0.037062697
0.0370454
0.037037537
0.03705286
0.03705855
0.03704684
0.03698419
0.03702892
0.03699144
0.037012532
0.036991447
0.03698812
0.036992
0.036994476
0.03699188
0.036979016
0.036960695
0.036994696
0.036944184
0.036978565
0.036990546
0.036968585
0.03698211
0.03693363
0.03696792
0.036951702
0.03694459
0.036962442
0.03695835
0.036938597
0.036960077
0.03694875
0.036901712
0.03696162
0.0369161
0.03688679
0.036909256
0.03692334
0.036930747
0.036945637
0.036890157
0.03694792
0.036901534
0.03690565
0.03691267
0.036896694
0.036894765
0.036910124
0.036853544
0.036866926
0.036903456
0.0368859
0.03683475
0.03687966
0.0368671
0.03685797
0.03689077
0.03685508
0.03685606
0.036840063
0.036869027
0.03683031
0.03683759
0.036876764
0.036794987
0.036873166
0.036809213
0.03677129
0.0368474
0.036858846
0.036857024
0.03680534
0.036811274
0.036833607
0.03682524
0.036856405
0.036784768
0.036846817
0.03683067
0.036808416
0.0368314
0.036791883
0.0368036
0.036787055
0.036792953
0.036743496
0.036788274
0.03681727
0.036762714
0.03680961
0.036742665
0.036809005
0.036727726
0.036776632
0.036727414
0.036812656
0.036726944
0.03679958
0.03680109
0.036739543
0.036715254
0.03678103
0.0367657
0.036737897
0.03673307
0.036725592
0.036716454
0.0367479
0.03674813
0.03668534
0.036742635
0.036761355
0.036734883
0.036732506
0.036765672
0.036694452
0.03668049
0.036719415
0.036686487
0.0366858
0.03668325
0.03667628
0.036670063
0.03671319
0.036665995
0.036662735
0.036711432
0.03667634
0.036646113
0.036665175
0.03670057
0.03665035
0.036721773
0.036635693
0.036675777
0.036666993
0.036646564
0.036636885
0.036642034
0.03669255
0.036645077
0.036658056
0.03662294
0.03660918
0.036624648
0.036647268
0.036634617
0.036631227
0.036607087
0.036631897
0.036622535
0.036611903
0.036620907
0.036634516
0.03663305
0.03657999
0.036659654
0.03658239
0.03658784
0.03661738
0.036616806
0.036560956
0.036542557
0.036636587
0.036572237
0.03654772
0.036558114
0.03653804
0.036594722
0.036596958
0.036525365
0.03658094
0.036546834
0.036553986
0.036593396
0.036569018
0.036564503
0.036552735
0.036555436
0.036536723
0.036546487
0.03652523
0.036551185
0.036528215
0.03654982
0.03652388
0.036517702
0.036516517
0.036463305
0.036476705
0.036542542
0.036547706
0.03651517
0.03650067
0.03655307
0.036513735
0.03649986
0.036538996
0.036504246
0.03645951
0.036445532
0.0365025
0.03654488
0.03648615
0.036460523
0.03649875
0.036494527
0.036456816
0.03648583
0.036495898
0.036478516
0.036490113
0.036509916
0.036444206
0.036475927
0.03645172
0.036433883
0.036454935
0.036449
0.03641745
0.036405366
0.03645243
0.036444135
0.03642191
0.03644259
0.03644034
0.036449105
0.036451727
0.03640046
0.036413018
0.036398623
0.036379594
0.036461912
0.0363835
0.036389433
0.0364213
0.036433425
0.036379937
0.0364255
0.03637126
0.0363663
0.03634759
0.036383696
0.03635435
0.036365148
0.03638555
0.03637134
0.036365837
0.036374427
0.036360253
0.036351677
0.036353204
0.036372088
0.036424946
0.03632715
0.036357112
0.036329605
0.03631603
0.036387227
0.036377262
0.036321722
0.03635005
0.036284767
0.036295824
0.036324862
0.036348775
0.03631229
0.036353186
0.036362235
0.03634205
0.03632263
0.03630237
0.036285084
0.036340542
0.03628046
0.036286447
0.036301862
0.03631591
0.03629138
0.03631935
0.036285594
0.03627457
0.03626756
0.03631554
0.03632584
0.03625746
0.036310364
0.036259398
0.036304303
0.036289252
0.036256075
0.036289223
0.036237635
0.036222078
0.0362478
0.036239512
0.036258146
0.03623646
0.036222763
0.036281288
0.03623382
0.036245875
0.03620178
0.03625126
0.036257286
0.036208168
0.036220603
0.036187626
0.036211625
0.036214802
0.036212217
0.03622095
0.036144022
0.03623469
0.036214814
0.03621013
0.03620169
0.036173653
0.03623662
0.036165264
0.036202364
0.036193345
0.036178622
0.03615094
0.036200687
0.03616479
0.036151268
0.036197063
0.03617168
0.036167365
0.036150414
0.036188487
0.036168326
0.036161546
0.036145456
0.036245674
0.036138207
0.036200043
0.036143627
0.036149513
0.036168978
0.036132026
0.036184527
0.036134694
0.036146127
0.0361259
0.036128134
0.036141068
0.036122307
0.03609608
0.036121607
0.03613281
0.03610244
0.036120664
0.03610081
0.03611931
0.03613085
0.036105864
0.036102418
0.036066663
0.03607201
0.036112547
0.03607305
0.036067374
0.036096785
0.036092564
0.03600802
0.036131155
0.0360594
0.03609123
0.036106788
0.03605445
0.03609161
0.036052372
0.036045235
0.03600947
0.0360575
0.03604353
0.03605174
0.036030494
0.036050312
0.036063787
0.036051452
0.03603753
0.036095385
0.036019877
0.036038693
0.036018908
0.03601865
0.03604772
0.03605123
0.03606239
0.036008287
0.03599387
0.036006726
0.036027916
0.035992302
0.035986315
0.036009282
0.036001828
0.03597683
0.03599873
0.035995346
0.03600491
0.03594891
0.035983674
0.036015186
0.03593842
0.035976876
0.03597201
0.035980806
0.03597263
0.03595149
0.036025766
0.03598399
0.035967313
0.035959285
0.035965487
0.035992146
0.035953265
0.035945922
0.03592563
0.035959404
0.035951287
0.035975203
0.03598542
0.035908457
0.035922978
0.03594297
0.035921644
0.0359333
0.035927527
0.035918802
0.035947405
0.035883095
0.03591224
0.03591919
0.03594853
0.03592161
0.035926733
0.03589405
0.035888728
0.03587751
0.035872746
0.035899274
0.035898697
0.035884086
0.035885002
0.035863984
0.03592162
0.035827443
0.0358935
0.035871804
0.035893492
0.035875134
0.03583817
0.035891104
0.03586277
0.03585211
0.035863146
0.035884056
0.03588506
0.035839092
0.035942513
0.035852246
0.035830244
0.03584287
0.035828725
0.035875842
0.03581968
0.03581131
0.035823677
0.035846513
0.035848945
0.035800286
0.035819024
0.03584036
0.03579064
0.0358131
0.035813637
0.035817146
0.035795946
0.035764996
0.035820827
0.035816807
0.035802074
0.03578302
0.03576702
0.03580111
0.035796892
0.035745014
0.035843205
0.035817437
0.035770543
0.03575842
0.03583275
0.03573053
0.035799816
0.035740845
0.03571062
0.03575861
0.03572932
0.03577591
0.0357728
0.0357593
0.035729256
0.035756797
0.03573437
0.035718504
0.035757363
0.035743453
0.035727378
0.035709254
0.03569049
0.035725188
0.035731006
0.03568509
0.035744727
0.035713226
0.035716303
0.035719365
0.035706673
0.035724178
0.035714146
0.03575174
0.035654444
0.03569631
0.035669535
0.035724986
0.035686586
0.035748426
0.035653725
0.03570711
0.03564783
0.035694174
0.035676032
0.03567416
0.03573589
0.035688795
0.03566691
0.03566217
0.035653524
0.035673246
0.035662998
0.035674695
0.035637368
0.03563104
0.035668727
0.035689823
0.03558796
0.03563529
0.035610348
0.035673436
0.035683453
0.035625782
0.03565337
0.035631116
0.035640366
0.03561402
0.035629235
0.035628963
0.035630547
0.03559949
0.03562802
0.035597716
0.035621874
0.035604518
0.035579354
0.035593346
0.03562465
0.03556124
0.035633925
0.035566673
0.03561391
0.03558874
0.03559992
0.035569392
0.035607472
0.035633616
0.035584707
0.035597775
0.03559184
0.035555318
0.035574432
0.035604328
0.0355367
0.035573546
0.035579327
0.035516676
0.035536654
0.035657935
0.035557993
0.03556396
0.035549663
0.03551796
0.035517864
0.035565697
0.035555054
0.0355767
0.035539534
0.03556319
0.035536777
0.035537835
0.035539355
0.03551354
0.03554363
0.035532583
0.03551028
0.03554283
0.035485048
0.03554457
0.035428524
0.035504162
0.03552453
0.035528637
0.035538014
0.03552631
0.03548515
0.0355258
0.0354942
0.035507463
0.035436604
0.035503156
0.035516173
0.035463568
0.035476904
0.035454817
0.035498835
0.035494164
0.03549646
0.0354496
0.0354737
0.03550107
0.03546056
0.035446573
0.035463247
0.035445407
0.035472203
0.035491552
0.035460826
0.035455637
0.035407167
0.0354699
0.035456117
0.035402417
0.035429016
0.03546872
0.03545953
0.035414733
0.035388187
0.035417262
0.035435002
0.035418242
0.03541431
0.03541293
0.035433296
0.035432704
0.03538218
0.035463404
0.035421353
0.03541447
0.03540438
0.03537886
0.03546094
0.03539152
0.035406563
0.035379164
0.03542849
0.035416145
0.035365395
0.035394587
0.035399757
0.035382558
0.03534844
0.03535285
0.035379834
0.035373494
0.035351288
0.03536305
0.035398513
0.035364024
0.035426926
0.035350885
0.035368055
0.035385128
0.035344604
0.035328746
0.035317887
0.035358053
0.035371337
0.03536902
0.035388734
0.035306398
0.03532447
0.035339538
0.035332516
0.03528986
0.035356525
0.035322968
0.035290662
0.035341978
0.035308845
0.03531009
0.03529109
0.03534358
0.03530329
0.035325654
0.035252713
0.035277717
0.035264734
0.03528509
0.035307273
0.03531229
0.03529088
0.03532384
0.03530277
0.03529718
0.03526655
0.03527836
0.035247512
0.035278074
0.03531047
0.03527448
0.03524375
0.035292063
0.03526582
0.035279367
0.03531048
0.03525029
0.035255894
0.035216875
0.035260662
0.035332464
0.035251934
0.035210982
0.035237003
0.035223864
0.03525726
0.035257168
0.035217576
0.035228252
0.035271186
0.03523615
0.035243712
0.03519113
0.035216775
0.035280995
0.035224687
0.03521095
0.03518198
0.03519962
0.03523017
0.035173576
0.03519374
0.03519569
0.0351741
0.0351653
0.035185166
0.035171635
0.035184253
0.03524277
0.035219662
0.035188396
0.035190433
0.03518145
0.03517425
0.03515429
0.035140503
0.035175547
0.03516109
0.035191134
0.035175763
0.035162803
0.03518524
0.035178613
0.035166096
0.03514177
0.0351556
0.03516967
0.035188228
0.03515111
0.035126306
0.035135318
0.03513786
0.03517082
0.035108563
0.03515471
0.035088994
0.035116106
0.035155267
0.035080962
0.035126537
0.035148468
0.035064436
0.035137285
0.03512445
0.035115846
0.03512245
0.035091072
0.035118613
0.035151035
0.03508236
0.035085905
0.035129406
0.035126887
0.035083298
0.035117574
0.035078585
0.035083525
0.035076395
0.0350916
0.035085883
0.035086226
0.03506997
0.035086893
0.035044514
0.035133768
0.035045046
0.035059094
0.03509986
0.035075698
0.035017066
0.035096396
0.03503844
0.03501152
0.035068
0.035056755
0.03506908
0.03501089
0.03505755
0.03504095
0.03508039
0.035054747
0.03506251
0.035014134
0.035025552
0.03504173
0.034975316
0.03500885
0.035029832
0.03500942
0.03501831
0.035009276
0.035012312
0.035016026
0.035004307
0.03500845
0.035018824
0.035005875
0.03504745
0.034993067
0.035013407
0.034959786
0.034994513
0.03500499
0.034996703
0.034952752
0.034956668
0.034990437
0.034985844
0.035012513
0.034956906
0.035001695
0.03500793
0.034989733
0.03497341
0.034966975
0.034986988
0.03496419
0.034946755
0.034962185
0.034966405
0.034985304
0.034950864
0.03495016
0.034983754
0.034919333
0.03493989
0.03496922
0.034951564
0.034948386
0.03495328
0.0349197
0.034938812
0.034952924
0.03490706
0.03494832
0.034957774
0.034904905
0.03492429
0.034953304
0.034895584
0.03491389
0.034914386
0.03490882
0.03495913
0.03493696
0.03488448
0.034866717
0.034932543
0.03494878
0.034865852
0.034918457
0.03487133
0.03490231
0.03492943
0.034899916
0.034867067
0.034918196
0.034942053
0.03482378
0.03484604
0.03486169
0.03485937
0.03487628
0.034874197
0.034840778
0.03488399
0.034870777
0.03487787
0.034828242
0.034914345
0.034853343
0.03483216
0.034860246
0.034853935
0.03483991
0.034837693
0.034873612
0.03481422
0.03482207
0.03481572
0.03481935
0.034819007
0.034873776
0.0347954
0.034831055
0.034809254
0.03481162
0.034862805
0.034791823
0.034858663
0.034823805
0.034834303
0.03481384
0.03485509
0.03478272
0.03483336
0.034827966
0.034787707
0.034847587
0.03479214
0.034818184
0.034769874
0.034845445
0.034817178
0.03480175
0.034777414
0.034757245
0.03480255
0.034790386
0.034797367
0.034757122
0.034761287
0.034778286
0.034766737
0.03472955
0.03482988
0.03478134
0.03473259
0.034754183
0.034742903
0.034733586
0.03478459
0.034726482
0.034736615
0.034747906
0.03474108
0.03476175
0.034730557
0.034719806
0.034756787
0.034684878
0.03472547
0.034743257
0.034653094
0.034795795
0.03471073
0.03479661
0.034713626
0.034764152
0.034733187
0.034714445
0.034696914
0.034712467
0.034715287
0.034700934
0.0347175
0.034687653
0.03470793
0.03472178
0.034659293
0.034689885
0.03469546
0.03470579
0.034688544
0.034736942
0.034672063
0.034715284
0.034701686
0.034684442
0.034680154
0.034733243
0.03469139
0.03465663
0.034654204
0.034679383
0.03465501
0.034696896
0.03470336
0.034665518
0.034612484
0.034624293
0.034665022
0.034620512
0.034670778
0.034622546
0.03463301
0.034611028
0.034662712
0.034625787
0.034639694
0.03462882
0.034618486
0.034621235
0.03461284
0.03462436
0.034605507
0.034640852
0.034635294
0.034630015
0.034576505
0.034612663
0.034586832
0.034609
0.034597844
0.034581978
0.034593876
0.034601558
0.03462138
0.034576375
0.034582872
0.03462166
0.034601256
0.034522
0.03460323
0.034588225
0.034609195
0.034564964
0.034590673
0.03458972
0.03461813
0.034566596
0.034558333
0.034595683
0.03455531
0.03455693
0.03452054
0.03460902
0.03459864
0.034539096
0.034579992
0.03454975
0.03455958
0.03455222
0.03453942
0.034527738
0.03454177
0.034544874
0.03456622
0.034529265
0.034538936
0.034515228
0.034531478
0.034577712
0.034522638
0.03453394
0.034524422
0.03451971
0.034502935
0.03453122
0.034523603
0.03455702
0.03451997
0.034519725
0.0345063
0.034514643
0.034482263
0.034528196
0.03451472
0.03446812
0.03451414
0.03450408
0.03449056
0.03449612
0.034486607
0.034512788
0.03446742
0.034442265
0.034511812
0.034454994
0.034497287
0.034493282
0.034474287
0.03447534
0.034499608
0.034465935
0.034464043
0.034492787
0.034402207
0.03447101
0.03445499
0.0344431
0.034468558
0.03443854
0.034441493
0.03441557
0.03448597
0.03443901
0.034402806
0.034447674
0.034485985
0.03442533
0.03444361
0.03443285
0.03440838
0.0344779
0.03442961
0.034363672
0.03445152
0.034433626
0.034433793
0.034395117
0.034437288
0.03437038
0.034433946
0.03443763
0.034414228
0.034388594
0.034391224
0.03441359
0.034424134
0.03445736
0.034413725
0.03442303
0.034395847
0.03441295
0.034363136
0.03439927
0.034394883
0.034370337
0.034358233
0.034390766
0.034369282
0.034380388
0.034394972
0.03435009
0.03437678
0.034368224
0.03439756
0.034366447
0.034339014
0.03433604
0.034360927
0.03437762
0.034405284
0.034337778
0.034329027
0.034371156
0.034310464
0.03439392
0.034353293
0.034343626
0.034348708
0.03432561
0.03433776
0.034366433
0.03429007
0.034369607
0.034323327
0.034353998
0.03427882
0.034337744
0.034335293
0.0343403
0.03427688
0.03430211
0.034291137
0.03432094
0.03427428
0.034351032
0.034314368
0.03430379
0.03433346
0.03430702
0.03428618
0.034310427
0.03430458
0.03424961
0.03431417
0.0342914
0.034242842
0.034270678
0.034253187
0.03429473
0.03425048
0.03429113
0.034310423
0.034296684
0.034261312
0.034278028
0.034242187
0.034264226
0.03429749
0.034289766
0.034303922
0.034248702
0.034279257
0.034240704
0.034263093
0.034256734
0.0342227
0.034306783
0.034218974
0.03424251
0.034256898
0.034245197
0.034246817
0.03421986
0.03426774
0.034245573
0.03420781
0.0342115
0.034216322
0.0342327
0.0341852
0.03424641
0.03420032
0.034256853
0.03423213
0.034177367
0.034189276
0.03420472
0.034265004
0.034195337
0.034208078
0.034186956
0.034218054
0.03417591
0.03418215
0.034192592
0.034200635
0.03419578
0.034169793
0.03423414
0.03419554
0.03418459
0.03419
0.034174148
0.03418503
0.034178354
0.034166228
0.034162596
0.034149554
0.034193065
0.03419814
0.034140248
0.0341491
0.0341639
0.03418736
0.0341983
0.03413288
0.034165107
0.034115195
0.034204785
0.03412777
0.034150347
0.034152444
0.034099463
0.03415151
0.034163255
0.034106918
0.03408708
0.034182318
0.03414389
0.034129545
0.03414968
0.03418463
0.034136303
0.03412923
0.034165382
0.034120936
0.034115132
0.03414173
0.034112908
0.034102563
0.03414582
0.034070957
0.034144316
0.034100186
0.03407403
0.03408645
0.034097087
0.034143656
0.034111623
0.034084395
0.034066733
0.03413338
0.034095798
0.03408586
0.034137078
0.034090266
0.034135725
0.034064747
0.034102723
0.03399839
0.034105286
0.03409986
0.03403867
0.03408306
0.03408937
0.034079246
0.034073703
0.03403933
0.03408445
0.034092277
0.034035377
0.034053583
0.034042552
0.034039214
0.034004483
0.034056365
0.034032922
0.03405113
0.034086574
0.034057617
0.033992983
0.03404403
0.034104787
0.03399973
0.034033757
0.034023624
0.034001004
0.034087513
0.033939354
0.034034353
0.03402324
0.03404608
0.0339832
0.033983197
0.034016553
0.033965133
0.034034763
0.03402846
0.033994958
0.034022547
0.034003995
0.033991996
0.0339882
0.03401418
0.033957854
0.033972226
0.03398946
0.0339898
0.033989437
0.033990078
0.03399168
0.033994064
0.03396351
0.03398153
0.03395907
0.033987787
0.034012213
0.03396151
0.034007933
0.033997037
0.033998154
0.033940453
0.034022737
0.03392096
0.033970073
0.033977326
0.03393933
0.03396875
0.033980556
0.03392695
0.03392959
0.03394753
0.0339542
0.033964287
0.033959202
0.03392991
0.03396524
0.033940114
0.03391109
0.033939417
0.033950537
0.03393031
0.033896334
0.033928197
0.033902697
0.033943117
0.033892877
0.03390705
0.03392843
0.03385564
0.03396557
0.03387244
0.033918638
0.033908095
0.03390443
0.033902023
0.03386071
0.033899464
0.033872783
0.033914912
0.03387432
0.033873454
0.033894625
0.03388303
0.033863585
0.03386145
0.033902206
0.033885583
0.033861563
0.03391623
0.033868343
0.033864796
0.033860106
0.0338948
0.033862658
0.03385356
0.033885993
0.033842683
0.033849757
0.033887506
0.033872563
0.03384479
0.03384081
0.033909038
0.0338241
0.033861168
0.03384286
0.033785004
0.033829212
0.033841677
0.03386591
0.03383992
0.0338413
0.033815596
0.033837818
0.033839576
0.03381602
0.033822138
0.033833474
0.033866674
0.03382356
0.033822857
0.033845894
0.03383879
0.033768296
0.033811774
0.033834096
0.033785667
0.033831652
0.033784546
0.033823628
0.033796746
0.03383029
0.033770707
0.03377659
0.033813227
0.033743225
0.033781078
0.033778425
0.033805884
0.03373628
0.033795588
0.033767477
0.033764254
0.033734452
0.03376593
0.033769395
0.03378724
0.033734933
0.033739183
0.033801023
0.033759817
0.033726826
0.033755224
0.033756353
0.03376964
0.033749074
0.033765633
0.03376852
0.033747613
0.033714
0.03378486
0.033751428
0.033771552
0.033780523
0.03372295
0.033756662
0.03370404
0.033763465
0.033711854
0.033760667
0.03371429
0.033710066
0.03371269
0.0337083
0.033733945
0.033712845
0.03371721
0.03373704
0.033681378
0.033739977
0.03371219
0.033729706
0.033693615
0.03370091
0.033712592
0.033744533
0.033700448
0.033727463
0.033685017
0.0337217
0.033691566
0.033722967
0.033661064
0.03371031
0.03373181
0.03370124
0.033634063
0.03368225
0.033679146
0.0336956
0.033676427
0.03369085
0.033662893
0.033673942
0.03370211
0.03371716
0.033694226
0.033667177
0.033631027
0.033636883
0.03367132
0.03363303
0.033666383
0.033682436
0.033670966
0.033687364
0.03358554
0.033638384
0.033653587
0.03362633
0.033672333
0.033631347
0.033602096
0.033640068
0.0336414
0.03366327
0.03361703
0.03363064
0.033623457
0.033628058
0.033624172
0.033605017
0.03360703
0.03362427
0.03360949
0.033630185
0.033653013
0.033585772
0.033630524
0.03363439
0.033618074
0.03360349
0.033599988
0.033580586
0.03357988
0.03358706
0.033633616
0.033581033
0.03350527
0.033659507
0.03358153
0.033598144
0.03357939
0.033595573
0.033550844
0.033579387
0.03360665
0.03357456
0.03352533
0.03356057
0.033607636
0.033526644
0.033549886
0.0335969
0.033575173
0.03352993
0.033547748
0.03355811
0.033574373
0.033554986
0.03353726
0.033614304
0.033546355
0.03353295
0.03355186
0.033564854
0.033539392
0.03354845
0.033525635
0.0335899
0.033504426
0.033555012
0.033539146
0.033514448
0.033525813
0.033573378
0.03348088
0.0335295
0.033508252
0.033492256
0.03351914
0.03350396
0.03347811
0.033505075
0.03351201
0.033553753
0.033471514
0.033519525
0.0334945
0.033512685
0.033500582
0.033506695
0.033459358
0.033481415
0.033522636
0.03351478
0.033454075
0.033466164
0.033476744
0.03349103
0.03345749
0.033483446
0.03346954
0.033460513
0.033524223
0.033423793
0.033494428
0.033472233
0.033456154
0.033501312
0.033435896
0.033433292
0.033439633
0.033454835
0.033483967
0.03344169
0.033456217
0.03351221
0.03345103
0.033428542
0.033464335
0.033478823
0.033445418
0.03341658
0.03346419
0.033431645
0.03342079
0.033447526
0.03343188
0.033464752
0.0334446
0.033435844
0.033422805
0.03345285
0.033434253
0.03342828
0.03342259
0.03339131
0.033478923
0.0333948
0.0333979
0.033442143
0.03343691
0.033406742
0.033411317
0.03341488
0.03339196
0.03341294
0.033399105
0.03337493
0.033420496
0.033389177
0.033415504
0.033400204
0.03338303
0.033395395
0.033404447
0.033348486
0.03339468
0.03340099
0.0333698
0.033352878
0.033388484
0.033351555
0.033404317
0.03335652
0.03336442
0.033360954
0.03336224
0.03340639
0.033387814
0.03337582
0.033341944
0.033396844
0.033338238
0.03335908
0.03334136
0.033382684
0.033343337
0.033351623
0.033338986
0.033333316
0.0333412
0.03334466
0.03336498
0.033326115
0.033365656
0.03332787
0.033344362
0.033340126
0.033298034
0.033325955
0.033336796
0.033343125
0.0333254
0.03329147
0.0333295
0.033304915
0.033269808
0.033289876
0.033296496
0.03333982
0.03334454
0.033281103
0.033297345
0.03332151
0.033265345
0.033320285
0.03325826
0.033289026
0.03330352
0.03327369
0.033290066
0.033296213
0.0333167
0.033304658
0.03332456
0.03326977
0.03328972
0.03328707
0.033257414
0.03330174
0.033244118
0.03328584
0.03327206
0.033269398
0.03326704
0.033267982
0.033228926
0.033284847
0.03324467
0.033277143
0.033264745
0.033255685
0.03323587
0.033273004
0.033201866
0.033300385
0.033270516
0.033208955
0.033250477
0.03321303
0.033270776
0.033208188
0.03325381
0.0331743
0.033203796
0.033213016
0.033267323
0.033237614
0.03320707
0.033241488
0.033216722
0.03325187
0.033229902
0.033223603
0.03321034
0.033210557
0.033182397
0.033201337
0.033249628
0.03319641
0.033220112
0.033262618
0.033156063
0.033250988
0.033179753
0.033193115
0.033176072
0.03319574
0.033202026
0.03319824
0.03320669
0.033171453
0.033230525
0.033202086
0.03319392
0.033178877
0.03317085
0.033176135
0.0331504
0.033149764
0.033179343
0.033154655
0.033189308
0.03310595
0.033181645
0.033181358
0.03314141
0.033122502
0.03315323
0.033150867
0.03314678
0.033156123
0.03312628
0.033133067
0.033162452
0.03311705
0.033185806
0.033090513
0.03312398
0.033120163
0.033153456
0.033133794
0.033160616
0.03311175
0.03314729
0.033107802
0.03311914
0.03314512
0.03313592
0.033105157
0.03312507
0.033088256
0.033122975
0.033064507
0.033117216
0.03309142
0.033093385
0.03309422
0.03313493
0.03311575
0.033132512
0.03306319
0.033128522
0.033078272
0.033080574
0.03308542
0.033118602
0.03305075
0.033080038
0.03309472
0.033095106
0.03307345
0.033103332
0.033027582
0.033102397
0.03299772
0.033090413
0.0330774
0.03307832
0.033044033
0.033045247
0.033070795
0.03305824
0.03304918
0.033058815
0.03305066
0.03305125
0.03303744
0.03306655
0.033013303
0.03306517
0.033065878
0.03302009
0.03303576
0.033036206
0.03307758
0.033017393
0.033020783
0.03297854
0.03305167
0.033001155
0.033044793
0.033073753
0.03304358
0.032988958
0.03307427
0.032999087
0.033003625
0.03299383
0.033011284
0.032988768
0.03302456
0.032977328
0.033039816
0.0330278
0.033029083
0.033047516
0.03300311
0.032979857
0.033005036
0.033002354
0.032974552
0.03294694
0.03298773
0.03301923
0.032967016
0.032984734
0.03299688
0.032959294
0.032992147
0.032950703
0.0329714
0.033007987
0.0329954
0.032945648
0.033004995
0.03293402
0.03297531
0.03293476
0.032961793
0.0329517
0.032982174
0.032984883
0.032934397
0.0329773
0.032966807
0.032974858
0.03292531
0.032954194
0.033012584
0.032962773
0.032929473
0.03294701
0.032938417
0.032965817
0.032916497
0.032917246
0.03298791
0.032908287
0.032906983
0.032887407
0.032920513
0.03293009
0.03293763
0.032900237
0.032867987
0.03295126
0.032883376
0.032880116
0.03296011
0.0329424
0.032909885
0.03287782
0.03289774
0.032950606
0.032923333
0.032931294
0.032864515
0.03289438
0.03289374
0.032882478
0.032892685
0.032878872
0.032917432
0.0328808
0.032881904
0.03289262
0.032930214
0.03283176
0.032873802
0.0329143
0.0328726
0.03288021
0.032896526
0.032827243
0.032921802
0.032858547
0.032851283
0.032826453
0.032868404
0.03287026
0.032853384
0.03287333
0.03285929
0.032826964
0.03284165
0.03285644
0.03287828
0.03284276
0.032792117
0.03289059
0.032861855
0.032854717
0.032868136
0.0328368
0.032820802
0.03284216
0.032840885
0.032831773
0.032799114
0.03284006
0.032831594
0.03277702
0.032809034
0.03284506
0.032792218
0.03276861
0.032839507
0.03279255
0.032769438
0.032808837
0.032805018
0.032815166
0.032812633
0.03279909
0.032777667
0.032741204
0.032813273
0.032787066
0.032779314
0.032744087
0.032800645
0.032777175
0.032796085
0.032778747
0.032788765
0.03275362
0.032767262
0.03277372
0.032737907
0.032797378
0.032691747
0.03277309
0.032768913
0.03277744
0.03276203
0.03273353
0.03282349
0.03271252
0.032733575
0.032763533
0.032753963
0.03272935
0.03276122
0.032719344
0.03270409
0.03270275
0.03270807
0.03272965
0.032718375
0.032750297
0.03276589
0.032715205
0.032711707
0.0327344
0.032710303
0.03269726
0.03272099
0.032744184
0.03270543
0.032711037
0.032730624
0.032730754
0.032711446
0.03270105
0.03268807
0.032687522
0.032744966
0.03269194
0.03269659
0.032702852
0.03270482
0.032681692
0.032689914
0.0326455
0.032697268
0.03265554
0.032686055
0.03266965
0.03269789
0.032693703
0.03267655
0.032694496
0.032701947
0.032638237
0.032691255
0.03263247
0.032697856
0.03265829
0.03266067
0.032634135
0.032655727
0.032623406
0.03264678
0.032696567
0.032657366
0.032623824
0.03262793
0.03268679
0.03264828
0.032657426
0.032601748
0.03264928
0.032622185
0.032622125
0.032623857
0.03261598
0.032600325
0.032670695
0.032620773
0.032586526
0.03262703
