0.19396996
0.17993973
0.17994824
0.17994753
0.17994659
0.17994085
0.17995118
0.17994335
0.17995587
0.17994387
0.17995217
0.17994511
0.17994931
0.17995617
0.17993952
0.17994177
0.17993301
0.17995158
0.179931
0.17993765
0.17994964
0.17993847
0.17994022
0.17993912
0.17995545
0.17994042
0.17994414
0.17994882
0.17994234
0.17994913
0.17994912
0.17994489
0.17994559
0.17993926
0.17994578
0.17994618
0.17993346
0.17993668
0.17994405
0.17993991
0.17992863
0.17993324
0.1799387
0.17992976
0.17992072
0.17991455
0.1798903
0.17984213
0.17936344
0.16701694
0.17992716
0.17992586
0.17992918
0.17992614
0.179933
0.17992452
0.17991225
0.17990254
0.17986938
0.17978756
0.1795565
0.1789699
0.17813678
0.17684375
0.17402078
0.16951434
0.1664934
0.16703989
0.16724779
0.1666265
0.16690572
0.1674315
0.16791643
0.16840783
0.16957098
0.17041612
0.17000407
0.17019193
0.17059119
0.17108594
0.17168851
0.17235823
0.1731015
0.17394643
0.17419809
0.17359021
0.17324346
0.17311609
0.17308852
0.1730666
0.17306083
0.17310786
0.17311446
0.17309955
0.17312597
0.17311478
0.17313164
0.173128
0.17316304
0.17313288
