0.17574748
0.1579814
0.15107335
0.1430589
0.13578586
0.12959391
0.12390637
0.11843737
0.11345727
0.10877351
0.104468875
0.10053007
0.096993424
0.0938267
0.09109021
0.0887247
0.086661205
0.08485092
0.083223484
0.081796974
0.0804598
0.07922571
0.07811023
0.07707187
0.07607356
0.07520048
0.074358955
0.0735478
0.072821304
0.07210459
0.071428694
0.07079452
0.070212185
0.069647476
0.06909773
0.06857495
0.06808584
0.06757367
0.067120664
0.06666696
0.06623118
0.06581172
0.0653975
0.06499955
0.06461537
0.0642065
0.063892335
0.06354169
0.06324595
0.06290606
0.06257388
0.06227594
0.061995216
0.061712943
0.061433706
0.061186276
0.060914453
0.06066302
0.0604596
0.06021201
0.05997579
0.059770502
0.059547003
0.059322022
0.05914789
0.05893006
0.058751352
0.058552522
0.05835614
0.05820387
0.058000755
0.057859343
0.05769852
0.057537485
0.057384428
0.05719701
0.05704318
0.056957748
0.056757484
0.056636143
0.056480616
0.056335744
0.056231502
0.056087643
0.05597462
0.055836
0.05573251
0.055574432
0.055477254
0.055357296
0.055256534
0.05513612
0.055012915
0.054901898
0.054827485
0.054713387
0.054622024
0.054490246
0.054397106
0.054284614
