0.17572819
0.16158524
0.15496886
0.15035254
0.1460672
0.14143306
0.1359574
0.13001056
0.12404912
0.11816114
0.11252275
0.10731245
0.102708094
0.09873776
0.09530802
0.09240309
0.08988802
0.08771723
0.0858108
0.08413113
0.08262372
0.0812473
0.08002884
0.078884535
0.07784017
0.0768599
0.075954646
0.07512023
0.074307404
0.07355249
0.072841905
0.0721616
0.071534455
0.070936225
0.07033575
0.06978073
0.06928215
0.068777524
0.06827221
0.06782522
0.06735291
0.066910796
0.06650357
0.066097125
0.0656771
0.065322034
0.06493843
0.06456897
0.06421628
0.06389184
