0.17403169
0.15880321
0.1520991
0.14621389
0.1406257
0.13544112
0.13059527
0.12591185
0.121112116
0.116152614
0.111160755
0.10638491
0.10200559
0.098196335
0.09478189
0.091865435
0.08937037
0.0871875
0.08528042
0.08366506
0.08216516
0.08087463
0.07965538
0.078533694
0.077472985
0.07651338
0.07559045
0.07472502
0.07392232
0.0731724
0.072485775
0.07182275
0.07118352
0.07060787
0.070035785
0.06951595
0.069006585
0.06851539
0.06806017
0.067610815
0.06719592
0.06676894
0.066363506
0.065974094
0.06560499
0.06522283
0.06489129
0.06457416
0.06422589
0.0638991
0.06360293
0.06328135
0.0630136
0.06271062
0.06245237
0.06217254
0.06191107
0.061676376
0.06143747
0.06118138
0.06095511
0.060716227
0.06051097
0.060316905
0.06010558
0.059888087
0.059693363
0.059519783
0.059345044
0.059167217
0.05895212
0.05880063
0.058611214
0.058435194
0.058302507
0.058134116
0.058002677
0.057861187
0.05771096
0.057529252
0.057424
0.05726861
0.057136536
0.057030305
0.05687627
0.056777764
0.05662323
0.056531154
0.056392457
0.056278985
0.05616625
0.0560643
0.05592608
0.055843465
0.05572946
0.05563844
0.055549633
0.05541237
0.055346064
0.05523667
