0.16066968
0.15539548
0.15540835
0.15568584
0.15586556
0.15589203
0.15585728
0.15576649
0.15570447
0.15556602
0.15542221
0.15529847
0.15516202
0.15503536
0.15490179
0.1547645
0.15461172
0.15449628
0.1544094
0.15425366
0.15411735
0.15399729
0.15387994
0.15375784
0.15365829
0.15355553
0.15341294
0.15330955
0.15321217
0.15309805
0.15298651
0.15288225
0.15280384
0.1527071
0.15262184
0.15253855
0.1525062
0.1523722
0.15234046
0.15228182
0.15221678
0.15214351
0.1520688
0.15201777
0.15195498
0.15192369
0.15186617
0.15177886
0.15170257
0.15164883
