0.17576805
0.1623076
0.15854141
0.15339492
0.14700754
0.14046587
0.13457267
0.1293771
0.12486689
0.120861694
0.11707395
0.113447
0.11000913
0.106573895
0.10336982
0.100283206
0.09732271
0.0946343
0.09207756
0.08982048
0.08778566
0.085917294
0.084284395
0.082806244
0.08146845
0.080245055
0.079121865
0.078079194
0.07711519
0.07624766
0.07539214
0.07461137
0.07390619
0.073218465
0.0725699
0.07195916
0.07137404
0.07083189
0.07035543
0.06984025
0.06938225
0.06891523
0.06849164
0.068076245
0.067620695
0.06723439
0.066821784
0.066389285
0.065997735
0.06565759
