0.18200167
0.17994057
0.17993838
0.17993964
0.17993194
0.17993028
0.17993617
0.17992617
0.17990442
0.179896
0.1798339
0.17957018
0.1782877
0.17531618
0.17061812
0.16469286
0.163332
0.16431688
0.16561688
0.16714938
0.16860054
0.16953698
0.17036028
0.17117304
0.17179538
0.17200382
0.1722018
0.17244165
0.17269285
0.17296036
0.1732209
0.17351782
0.17381412
0.17409149
0.17429055
0.17405865
0.17387934
0.17376454
0.17374347
0.17369504
0.17366503
0.17364794
0.17365031
0.17363098
0.17360286
0.17357646
0.17359045
0.17355555
0.17355116
0.17353407
0.17353073
0.17351896
0.17351453
0.17350756
0.17348988
0.17347585
0.17345488
0.17344658
0.17345293
0.1734325
0.17343372
0.17342375
0.1734295
0.17341994
0.17341183
0.17339262
0.1733908
0.17340174
0.17337531
0.17334889
0.17337613
0.173365
0.173346
0.17335878
0.17334376
0.17335282
0.17332752
0.17333633
0.17332281
0.17331828
0.17334178
0.1733093
0.17330879
0.17329621
0.17327961
0.1732818
0.17329639
0.17327473
0.1732634
0.173274
0.17325659
0.17324701
0.1732758
0.17324635
0.17323919
0.1732398
0.17322777
0.17323811
0.17323299
0.17320205
