0.17508271
0.15907651
0.15212023
0.14635633
0.14237809
0.13934611
0.13629057
0.13302694
0.12963058
0.12598348
0.122195594
0.11810787
0.11405639
0.110129714
0.1063208
0.10283448
0.09969274
0.09685501
0.09432147
0.091981806
0.089945816
0.088047214
0.08631603
0.084766306
0.083278365
0.08194008
0.080695406
0.07952666
0.078450754
0.07747268
0.076521866
0.075623676
0.07480434
0.0740455
0.073296346
0.07263296
0.071966864
0.07137762
0.07077408
0.07019532
0.069688834
0.06915216
0.068678916
0.06818305
0.06770959
0.06731522
0.06683955
0.066459455
0.06607421
0.06566972
