0.16067505
0.15535134
0.15543419
0.15567333
0.15576841
0.15576564
0.15572004
0.15567695
0.155564
0.15544619
0.15532708
0.15517241
0.15510844
0.15495999
0.15485007
0.15472458
0.15461554
0.15448208
0.15439737
0.15430795
0.15420875
0.1540819
0.15402627
0.15390867
0.15378782
0.15375775
0.1536287
0.15355134
0.15347753
0.15334095
0.15331389
0.1531914
0.15312274
0.15300591
0.1529404
0.15284126
0.1527142
0.15274437
0.1525987
0.1525095
0.1524917
0.15237133
0.15232742
0.15224968
0.15222509
0.1521793
0.15213677
0.1520622
0.15203938
0.15200359
0.15193634
0.15191793
0.15189685
0.15182121
0.15182412
0.15175568
0.15175666
0.15169139
0.15165588
0.1516185
0.15157224
0.15149824
0.15147832
0.15144284
0.15137108
0.15132222
0.15123913
0.15120174
0.15111436
0.15103261
0.15093233
0.1508454
0.15075335
0.15062077
0.15054855
0.15041548
0.150277
0.15013938
0.15000294
0.14979918
0.14963701
0.14943467
0.14923842
0.14903936
0.14878806
0.14850982
0.14825517
0.14794894
0.14763686
0.14729324
0.14698172
0.1466016
0.14617474
0.14577627
0.14540677
0.14494179
0.14449863
0.14406893
0.14357226
0.14306799
