0.16084898
0.15560672
0.15560503
0.15577674
0.15586418
0.15584223
0.1557515
0.15563431
0.15552399
0.155332
0.1552032
0.15504517
0.15487124
0.1547388
0.15458919
0.15446156
0.1543257
0.15419386
0.15404446
0.15396231
0.15381037
0.15371071
0.1535944
0.15347825
0.15336244
0.15327089
0.15312281
0.15305412
0.1529627
0.15284926
0.1527654
0.15268417
0.15262747
0.15257071
0.15244381
0.1524013
0.15234415
0.15229812
0.15225837
0.15218747
0.15214069
0.1520984
0.1520732
0.15197608
0.15196656
0.15186356
0.15183394
0.15177332
0.15168908
0.15163712
